t  lockdown  popDens  tests7  tests14  tests21  tests28  Population  totTests7  totTests14  totTests21  totTests28  y
0  17  18600  0.265  0.615  1.649  3.499  60360000  15995.4  37121.4  99533.64  211199.6  0
1  17  18600  0.265  0.615  1.649  3.499  60360000  15995.4  37121.4  99533.64  211199.6  0
2  17  18600  0.265  0.615  1.649  3.499  60360000  15995.4  37121.4  99533.64  211199.6  2
3  17  18600  0.265  0.615  1.649  3.499  60360000  15995.4  37121.4  99533.64  211199.6  2
4  17  18600  0.265  0.615  1.649  3.499  60360000  15995.4  37121.4  99533.64  211199.6  6
5  17  18600  0.265  0.615  1.649  3.499  60360000  15995.4  37121.4  99533.64  211199.6  11
6  17  18600  0.265  0.615  1.649  3.499  60360000  15995.4  37121.4  99533.64  211199.6  12
7  17  18600  0.265  0.615  1.649  3.499  60360000  15995.4  37121.4  99533.64  211199.6  17
8  17  18600  0.265  0.615  1.649  3.499  60360000  15995.4  37121.4  99533.64  211199.6  21
9  17  18600  0.265  0.615  1.649  3.499  60360000  15995.4  37121.4  99533.64  211199.6  29
10  17  18600  0.265  0.615  1.649  3.499  60360000  15995.4  37121.4  99533.64  211199.6  35
11  17  18600  0.265  0.615  1.649  3.499  60360000  15995.4  37121.4  99533.64  211199.6  52
12  17  18600  0.265  0.615  1.649  3.499  60360000  15995.4  37121.4  99533.64  211199.6  80
13  17  18600  0.265  0.615  1.649  3.499  60360000  15995.4  37121.4  99533.64  211199.6  107
14  17  18600  0.265  0.615  1.649  3.499  60360000  15995.4  37121.4  99533.64  211199.6  148
15  17  18600  0.265  0.615  1.649  3.499  60360000  15995.4  37121.4  99533.64  211199.6  197
16  17  18600  0.265  0.615  1.649  3.499  60360000  15995.4  37121.4  99533.64  211199.6  233
17  17  18600  0.265  0.615  1.649  3.499  60360000  15995.4  37121.4  99533.64  211199.6  366
18  17  18600  0.265  0.615  1.649  3.499  60360000  15995.4  37121.4  99533.64  211199.6  464
19  17  18600  0.265  0.615  1.649  3.499  60360000  15995.4  37121.4  99533.64  211199.6  631
20  17  18600  0.265  0.615  1.649  3.499  60360000  15995.4  37121.4  99533.64  211199.6  827
21  17  18600  0.265  0.615  1.649  3.499  60360000  15995.4  37121.4  99533.64  211199.6  1016
22  17  18600  0.265  0.615  1.649  3.499  60360000  15995.4  37121.4  99533.64  211199.6  1268
23  17  18600  0.265  0.615  1.649  3.499  60360000  15995.4  37121.4  99533.64  211199.6  1441
24  17  18600  0.265  0.615  1.649  3.499  60360000  15995.4  37121.4  99533.64  211199.6  1811
25  17  18600  0.265  0.615  1.649  3.499  60360000  15995.4  37121.4  99533.64  211199.6  2158
26  17  18600  0.265  0.615  1.649  3.499  60360000  15995.4  37121.4  99533.64  211199.6  2505
27  17  18600  0.265  0.615  1.649  3.499  60360000  15995.4  37121.4  99533.64  211199.6  2978
28  17  18600  0.265  0.615  1.649  3.499  60360000  15995.4  37121.4  99533.64  211199.6  3407
29  17  18600  0.265  0.615  1.649  3.499  60360000  15995.4  37121.4  99533.64  211199.6  4032
30  17  18600  0.265  0.615  1.649  3.499  60360000  15995.4  37121.4  99533.64  211199.6  4827
31  17  18600  0.265  0.615  1.649  3.499  60360000  15995.4  37121.4  99533.64  211199.6  5476
32  17  18600  0.265  0.615  1.649  3.499  60360000  15995.4  37121.4  99533.64  211199.6  6077
33  17  18600  0.265  0.615  1.649  3.499  60360000  15995.4  37121.4  99533.64  211199.6  6820
34  17  18600  0.265  0.615  1.649  3.499  60360000  15995.4  37121.4  99533.64  211199.6  7505
35  17  18600  0.265  0.615  1.649  3.499  60360000  15995.4  37121.4  99533.64  211199.6  8165
36  17  18600  0.265  0.615  1.649  3.499  60360000  15995.4  37121.4  99533.64  211199.6  9136
37  17  18600  0.265  0.615  1.649  3.499  60360000  15995.4  37121.4  99533.64  211199.6  10023
38  17  18600  0.265  0.615  1.649  3.499  60360000  15995.4  37121.4  99533.64  211199.6  10781
39  17  18600  0.265  0.615  1.649  3.499  60360000  15995.4  37121.4  99533.64  211199.6  11591
40  17  18600  0.265  0.615  1.649  3.499  60360000  15995.4  37121.4  99533.64  211199.6  12430
41  17  18600  0.265  0.615  1.649  3.499  60360000  15995.4  37121.4  99533.64  211199.6  13157
42  17  18600  0.265  0.615  1.649  3.499  60360000  15995.4  37121.4  99533.64  211199.6  13917
43  17  18600  0.265  0.615  1.649  3.499  60360000  15995.4  37121.4  99533.64  211199.6  14681
44  17  18600  0.265  0.615  1.649  3.499  60360000  15995.4  37121.4  99533.64  211199.6  15362
45  17  18600  0.265  0.615  1.649  3.499  60360000  15995.4  37121.4  99533.64  211199.6  15889
46  17  18600  0.265  0.615  1.649  3.499  60360000  15995.4  37121.4  99533.64  211199.6  16525
47  17  18600  0.265  0.615  1.649  3.499  60360000  15995.4  37121.4  99533.64  211199.6  17129
48  17  18600  0.265  0.615  1.649  3.499  60360000  15995.4  37121.4  99533.64  211199.6  17669
49  17  18600  0.265  0.615  1.649  3.499  60360000  15995.4  37121.4  99533.64  211199.6  18281
50  17  18600  0.265  0.615  1.649  3.499  60360000  15995.4  37121.4  99533.64  211199.6  18851
51  17  18600  0.265  0.615  1.649  3.499  60360000  15995.4  37121.4  99533.64  211199.6  19470
52  17  18600  0.265  0.615  1.649  3.499  60360000  15995.4  37121.4  99533.64  211199.6  19901
53  17  18600  0.265  0.615  1.649  3.499  60360000  15995.4  37121.4  99533.64  211199.6  20465
54  17  18600  0.265  0.615  1.649  3.499  60360000  15995.4  37121.4  99533.64  211199.6  21069
55  17  18600  0.265  0.615  1.649  3.499  60360000  15995.4  37121.4  99533.64  211199.6  21647
56  17  18600  0.265  0.615  1.649  3.499  60360000  15995.4  37121.4  99533.64  211199.6  22172
57  17  18600  0.265  0.615  1.649  3.499  60360000  15995.4  37121.4  99533.64  211199.6  22747
58  17  18600  0.265  0.615  1.649  3.499  60360000  15995.4  37121.4  99533.64  211199.6  23227
59  17  18600  0.265  0.615  1.649  3.499  60360000  15995.4  37121.4  99533.64  211199.6  23660
60  17  18600  0.265  0.615  1.649  3.499  60360000  15995.4  37121.4  99533.64  211199.6  24114
61  17  18600  0.265  0.615  1.649  3.499  60360000  15995.4  37121.4  99533.64  211199.6  24648
62  17  18600  0.265  0.615  1.649  3.499  60360000  15995.4  37121.4  99533.64  211199.6  25085
0  16  41000  0.41471  0.962441  2.580595  5.475743  46940000  19466.51  45177  121133.1  257031.4  0
1  16  41000  0.41471  0.962441  2.580595  5.475743  46940000  19466.51  45177  121133.1  257031.4  0
2  16  41000  0.41471  0.962441  2.580595  5.475743  46940000  19466.51  45177  121133.1  257031.4  0
3  16  41000  0.41471  0.962441  2.580595  5.475743  46940000  19466.51  45177  121133.1  257031.4  0
4  16  41000  0.41471  0.962441  2.580595  5.475743  46940000  19466.51  45177  121133.1  257031.4  0
5  16  41000  0.41471  0.962441  2.580595  5.475743  46940000  19466.51  45177  121133.1  257031.4  0
6  16  41000  0.41471  0.962441  2.580595  5.475743  46940000  19466.51  45177  121133.1  257031.4  0
7  16  41000  0.41471  0.962441  2.580595  5.475743  46940000  19466.51  45177  121133.1  257031.4  1
8  16  41000  0.41471  0.962441  2.580595  5.475743  46940000  19466.51  45177  121133.1  257031.4  3
9  16  41000  0.41471  0.962441  2.580595  5.475743  46940000  19466.51  45177  121133.1  257031.4  5
10  16  41000  0.41471  0.962441  2.580595  5.475743  46940000  19466.51  45177  121133.1  257031.4  5
11  16  41000  0.41471  0.962441  2.580595  5.475743  46940000  19466.51  45177  121133.1  257031.4  5
12  16  41000  0.41471  0.962441  2.580595  5.475743  46940000  19466.51  45177  121133.1  257031.4  28
13  16  41000  0.41471  0.962441  2.580595  5.475743  46940000  19466.51  45177  121133.1  257031.4  35
14  16  41000  0.41471  0.962441  2.580595  5.475743  46940000  19466.51  45177  121133.1  257031.4  47
15  16  41000  0.41471  0.962441  2.580595  5.475743  46940000  19466.51  45177  121133.1  257031.4  84
16  16  41000  0.41471  0.962441  2.580595  5.475743  46940000  19466.51  45177  121133.1  257031.4  121
17  16  41000  0.41471  0.962441  2.580595  5.475743  46940000  19466.51  45177  121133.1  257031.4  136
18  16  41000  0.41471  0.962441  2.580595  5.475743  46940000  19466.51  45177  121133.1  257031.4  288
19  16  41000  0.41471  0.962441  2.580595  5.475743  46940000  19466.51  45177  121133.1  257031.4  309
20  16  41000  0.41471  0.962441  2.580595  5.475743  46940000  19466.51  45177  121133.1  257031.4  491
21  16  41000  0.41471  0.962441  2.580595  5.475743  46940000  19466.51  45177  121133.1  257031.4  598
22  16  41000  0.41471  0.962441  2.580595  5.475743  46940000  19466.51  45177  121133.1  257031.4  767
23  16  41000  0.41471  0.962441  2.580595  5.475743  46940000  19466.51  45177  121133.1  257031.4  1002
24  16  41000  0.41471  0.962441  2.580595  5.475743  46940000  19466.51  45177  121133.1  257031.4  1326
25  16  41000  0.41471  0.962441  2.580595  5.475743  46940000  19466.51  45177  121133.1  257031.4  1720
26  16  41000  0.41471  0.962441  2.580595  5.475743  46940000  19466.51  45177  121133.1  257031.4  2182
27  16  41000  0.41471  0.962441  2.580595  5.475743  46940000  19466.51  45177  121133.1  257031.4  2696
28  16  41000  0.41471  0.962441  2.580595  5.475743  46940000  19466.51  45177  121133.1  257031.4  3434
29  16  41000  0.41471  0.962441  2.580595  5.475743  46940000  19466.51  45177  121133.1  257031.4  4089
30  16  41000  0.41471  0.962441  2.580595  5.475743  46940000  19466.51  45177  121133.1  257031.4  4858
31  16  41000  0.41471  0.962441  2.580595  5.475743  46940000  19466.51  45177  121133.1  257031.4  5690
32  16  41000  0.41471  0.962441  2.580595  5.475743  46940000  19466.51  45177  121133.1  257031.4  6528
33  16  41000  0.41471  0.962441  2.580595  5.475743  46940000  19466.51  45177  121133.1  257031.4  7340
34  16  41000  0.41471  0.962441  2.580595  5.475743  46940000  19466.51  45177  121133.1  257031.4  8189
35  16  41000  0.41471  0.962441  2.580595  5.475743  46940000  19466.51  45177  121133.1  257031.4  9053
36  16  41000  0.41471  0.962441  2.580595  5.475743  46940000  19466.51  45177  121133.1  257031.4  10003
37  16  41000  0.41471  0.962441  2.580595  5.475743  46940000  19466.51  45177  121133.1  257031.4  10935
38  16  41000  0.41471  0.962441  2.580595  5.475743  46940000  19466.51  45177  121133.1  257031.4  11744
39  16  41000  0.41471  0.962441  2.580595  5.475743  46940000  19466.51  45177  121133.1  257031.4  12418
40  16  41000  0.41471  0.962441  2.580595  5.475743  46940000  19466.51  45177  121133.1  257031.4  13055
41  16  41000  0.41471  0.962441  2.580595  5.475743  46940000  19466.51  45177  121133.1  257031.4  13798
42  16  41000  0.41471  0.962441  2.580595  5.475743  46940000  19466.51  45177  121133.1  257031.4  14555
43  16  41000  0.41471  0.962441  2.580595  5.475743  46940000  19466.51  45177  121133.1  257031.4  15238
44  16  41000  0.41471  0.962441  2.580595  5.475743  46940000  19466.51  45177  121133.1  257031.4  15843
45  16  41000  0.41471  0.962441  2.580595  5.475743  46940000  19466.51  45177  121133.1  257031.4  16353
46  16  41000  0.41471  0.962441  2.580595  5.475743  46940000  19466.51  45177  121133.1  257031.4  16972
47  16  41000  0.41471  0.962441  2.580595  5.475743  46940000  19466.51  45177  121133.1  257031.4  17489
48  16  41000  0.41471  0.962441  2.580595  5.475743  46940000  19466.51  45177  121133.1  257031.4  18056
49  16  41000  0.41471  0.962441  2.580595  5.475743  46940000  19466.51  45177  121133.1  257031.4  18579
50  16  41000  0.41471  0.962441  2.580595  5.475743  46940000  19466.51  45177  121133.1  257031.4  19130
51  16  41000  0.41471  0.962441  2.580595  5.475743  46940000  19466.51  45177  121133.1  257031.4  19478
52  16  41000  0.41471  0.962441  2.580595  5.475743  46940000  19466.51  45177  121133.1  257031.4  20043
53  16  41000  0.41471  0.962441  2.580595  5.475743  46940000  19466.51  45177  121133.1  257031.4  20453
54  16  41000  0.41471  0.962441  2.580595  5.475743  46940000  19466.51  45177  121133.1  257031.4  20852
55  16  41000  0.41471  0.962441  2.580595  5.475743  46940000  19466.51  45177  121133.1  257031.4  21282
56  16  41000  0.41471  0.962441  2.580595  5.475743  46940000  19466.51  45177  121133.1  257031.4  21717
0  14  6500  0.539  1.642  3.188  5.474  11460000  6176.94  18817.32  36534.48  62732.04  0
1  14  6500  0.539  1.642  3.188  5.474  11460000  6176.94  18817.32  36534.48  62732.04  0
2  14  6500  0.539  1.642  3.188  5.474  11460000  6176.94  18817.32  36534.48  62732.04  0
3  14  6500  0.539  1.642  3.188  5.474  11460000  6176.94  18817.32  36534.48  62732.04  0
4  14  6500  0.539  1.642  3.188  5.474  11460000  6176.94  18817.32  36534.48  62732.04  0
5  14  6500  0.539  1.642  3.188  5.474  11460000  6176.94  18817.32  36534.48  62732.04  0
6  14  6500  0.539  1.642  3.188  5.474  11460000  6176.94  18817.32  36534.48  62732.04  0
7  14  6500  0.539  1.642  3.188  5.474  11460000  6176.94  18817.32  36534.48  62732.04  0
8  14  6500  0.539  1.642  3.188  5.474  11460000  6176.94  18817.32  36534.48  62732.04  3
9  14  6500  0.539  1.642  3.188  5.474  11460000  6176.94  18817.32  36534.48  62732.04  3
10  14  6500  0.539  1.642  3.188  5.474  11460000  6176.94  18817.32  36534.48  62732.04  3
11  14  6500  0.539  1.642  3.188  5.474  11460000  6176.94  18817.32  36534.48  62732.04  4
12  14  6500  0.539  1.642  3.188  5.474  11460000  6176.94  18817.32  36534.48  62732.04  4
13  14  6500  0.539  1.642  3.188  5.474  11460000  6176.94  18817.32  36534.48  62732.04  5
14  14  6500  0.539  1.642  3.188  5.474  11460000  6176.94  18817.32  36534.48  62732.04  5
15  14  6500  0.539  1.642  3.188  5.474  11460000  6176.94  18817.32  36534.48  62732.04  14
16  14  6500  0.539  1.642  3.188  5.474  11460000  6176.94  18817.32  36534.48  62732.04  21
17  14  6500  0.539  1.642  3.188  5.474  11460000  6176.94  18817.32  36534.48  62732.04  37
18  14  6500  0.539  1.642  3.188  5.474  11460000  6176.94  18817.32  36534.48  62732.04  67
19  14  6500  0.539  1.642  3.188  5.474  11460000  6176.94  18817.32  36534.48  62732.04  75
20  14  6500  0.539  1.642  3.188  5.474  11460000  6176.94  18817.32  36534.48  62732.04  88
21  14  6500  0.539  1.642  3.188  5.474  11460000  6176.94  18817.32  36534.48  62732.04  122
22  14  6500  0.539  1.642  3.188  5.474  11460000  6176.94  18817.32  36534.48  62732.04  178
23  14  6500  0.539  1.642  3.188  5.474  11460000  6176.94  18817.32  36534.48  62732.04  220
24  14  6500  0.539  1.642  3.188  5.474  11460000  6176.94  18817.32  36534.48  62732.04  289
25  14  6500  0.539  1.642  3.188  5.474  11460000  6176.94  18817.32  36534.48  62732.04  353
26  14  6500  0.539  1.642  3.188  5.474  11460000  6176.94  18817.32  36534.48  62732.04  431
27  14  6500  0.539  1.642  3.188  5.474  11460000  6176.94  18817.32  36534.48  62732.04  513
28  14  6500  0.539  1.642  3.188  5.474  11460000  6176.94  18817.32  36534.48  62732.04  705
29  14  6500  0.539  1.642  3.188  5.474  11460000  6176.94  18817.32  36534.48  62732.04  828
30  14  6500  0.539  1.642  3.188  5.474  11460000  6176.94  18817.32  36534.48  62732.04  1011
31  14  6500  0.539  1.642  3.188  5.474  11460000  6176.94  18817.32  36534.48  62732.04  1143
32  14  6500  0.539  1.642  3.188  5.474  11460000  6176.94  18817.32  36534.48  62732.04  1283
33  14  6500  0.539  1.642  3.188  5.474  11460000  6176.94  18817.32  36534.48  62732.04  1447
34  14  6500  0.539  1.642  3.188  5.474  11460000  6176.94  18817.32  36534.48  62732.04  1632
35  14  6500  0.539  1.642  3.188  5.474  11460000  6176.94  18817.32  36534.48  62732.04  2035
36  14  6500  0.539  1.642  3.188  5.474  11460000  6176.94  18817.32  36534.48  62732.04  2240
37  14  6500  0.539  1.642  3.188  5.474  11460000  6176.94  18817.32  36534.48  62732.04  2523
38  14  6500  0.539  1.642  3.188  5.474  11460000  6176.94  18817.32  36534.48  62732.04  3019
39  14  6500  0.539  1.642  3.188  5.474  11460000  6176.94  18817.32  36534.48  62732.04  3346
40  14  6500  0.539  1.642  3.188  5.474  11460000  6176.94  18817.32  36534.48  62732.04  3600
41  14  6500  0.539  1.642  3.188  5.474  11460000  6176.94  18817.32  36534.48  62732.04  3903
42  14  6500  0.539  1.642  3.188  5.474  11460000  6176.94  18817.32  36534.48  62732.04  4157
43  14  6500  0.539  1.642  3.188  5.474  11460000  6176.94  18817.32  36534.48  62732.04  4440
44  14  6500  0.539  1.642  3.188  5.474  11460000  6176.94  18817.32  36534.48  62732.04  4857
45  14  6500  0.539  1.642  3.188  5.474  11460000  6176.94  18817.32  36534.48  62732.04  5163
46  14  6500  0.539  1.642  3.188  5.474  11460000  6176.94  18817.32  36534.48  62732.04  5453
47  14  6500  0.539  1.642  3.188  5.474  11460000  6176.94  18817.32  36534.48  62732.04  5683
48  14  6500  0.539  1.642  3.188  5.474  11460000  6176.94  18817.32  36534.48  62732.04  5828
49  14  6500  0.539  1.642  3.188  5.474  11460000  6176.94  18817.32  36534.48  62732.04  5998
50  14  6500  0.539  1.642  3.188  5.474  11460000  6176.94  18817.32  36534.48  62732.04  6262
0  19  52799.74  0.092  0.361  1.03  3.65  66990000  6163.08  24183.39  68999.7  244513.5  2
1  19  52799.74  0.092  0.361  1.03  3.65  66990000  6163.08  24183.39  68999.7  244513.5  2
2  19  52799.74  0.092  0.361  1.03  3.65  66990000  6163.08  24183.39  68999.7  244513.5  2
3  19  52799.74  0.092  0.361  1.03  3.65  66990000  6163.08  24183.39  68999.7  244513.5  2
4  19  52799.74  0.092  0.361  1.03  3.65  66990000  6163.08  24183.39  68999.7  244513.5  2
5  19  52799.74  0.092  0.361  1.03  3.65  66990000  6163.08  24183.39  68999.7  244513.5  3
6  19  52799.74  0.092  0.361  1.03  3.65  66990000  6163.08  24183.39  68999.7  244513.5  4
7  19  52799.74  0.092  0.361  1.03  3.65  66990000  6163.08  24183.39  68999.7  244513.5  4
8  19  52799.74  0.092  0.361  1.03  3.65  66990000  6163.08  24183.39  68999.7  244513.5  7
9  19  52799.74  0.092  0.361  1.03  3.65  66990000  6163.08  24183.39  68999.7  244513.5  9
10  19  52799.74  0.092  0.361  1.03  3.65  66990000  6163.08  24183.39  68999.7  244513.5  10
11  19  52799.74  0.092  0.361  1.03  3.65  66990000  6163.08  24183.39  68999.7  244513.5  19
12  19  52799.74  0.092  0.361  1.03  3.65  66990000  6163.08  24183.39  68999.7  244513.5  30
13  19  52799.74  0.092  0.361  1.03  3.65  66990000  6163.08  24183.39  68999.7  244513.5  33
14  19  52799.74  0.092  0.361  1.03  3.65  66990000  6163.08  24183.39  68999.7  244513.5  48
15  19  52799.74  0.092  0.361  1.03  3.65  66990000  6163.08  24183.39  68999.7  244513.5  61
16  19  52799.74  0.092  0.361  1.03  3.65  66990000  6163.08  24183.39  68999.7  244513.5  79
17  19  52799.74  0.092  0.361  1.03  3.65  66990000  6163.08  24183.39  68999.7  244513.5  91
18  19  52799.74  0.092  0.361  1.03  3.65  66990000  6163.08  24183.39  68999.7  244513.5  127
19  19  52799.74  0.092  0.361  1.03  3.65  66990000  6163.08  24183.39  68999.7  244513.5  148
20  19  52799.74  0.092  0.361  1.03  3.65  66990000  6163.08  24183.39  68999.7  244513.5  175
21  19  52799.74  0.092  0.361  1.03  3.65  66990000  6163.08  24183.39  68999.7  244513.5  244
22  19  52799.74  0.092  0.361  1.03  3.65  66990000  6163.08  24183.39  68999.7  244513.5  372
23  19  52799.74  0.092  0.361  1.03  3.65  66990000  6163.08  24183.39  68999.7  244513.5  450
24  19  52799.74  0.092  0.361  1.03  3.65  66990000  6163.08  24183.39  68999.7  244513.5  562
25  19  52799.74  0.092  0.361  1.03  3.65  66990000  6163.08  24183.39  68999.7  244513.5  674
26  19  52799.74  0.092  0.361  1.03  3.65  66990000  6163.08  24183.39  68999.7  244513.5  860
27  19  52799.74  0.092  0.361  1.03  3.65  66990000  6163.08  24183.39  68999.7  244513.5  1100
28  19  52799.74  0.092  0.361  1.03  3.65  66990000  6163.08  24183.39  68999.7  244513.5  1331
29  19  52799.74  0.092  0.361  1.03  3.65  66990000  6163.08  24183.39  68999.7  244513.5  1696
30  19  52799.74  0.092  0.361  1.03  3.65  66990000  6163.08  24183.39  68999.7  244513.5  1995
31  19  52799.74  0.092  0.361  1.03  3.65  66990000  6163.08  24183.39  68999.7  244513.5  2314
32  19  52799.74  0.092  0.361  1.03  3.65  66990000  6163.08  24183.39  68999.7  244513.5  2606
33  19  52799.74  0.092  0.361  1.03  3.65  66990000  6163.08  24183.39  68999.7  244513.5  3024
34  19  52799.74  0.092  0.361  1.03  3.65  66990000  6163.08  24183.39  68999.7  244513.5  3523
35  19  52799.74  0.092  0.361  1.03  3.65  66990000  6163.08  24183.39  68999.7  244513.5  4032
36  19  52799.74  0.092  0.361  1.03  3.65  66990000  6163.08  24183.39  68999.7  244513.5  4503
37  19  52799.74  0.092  0.361  1.03  3.65  66990000  6163.08  24183.39  68999.7  244513.5  6507
38  19  52799.74  0.092  0.361  1.03  3.65  66990000  6163.08  24183.39  68999.7  244513.5  7560
39  19  52799.74  0.092  0.361  1.03  3.65  66990000  6163.08  24183.39  68999.7  244513.5  8078
40  19  52799.74  0.092  0.361  1.03  3.65  66990000  6163.08  24183.39  68999.7  244513.5  8911
41  19  52799.74  0.092  0.361  1.03  3.65  66990000  6163.08  24183.39  68999.7  244513.5  10328
42  19  52799.74  0.092  0.361  1.03  3.65  66990000  6163.08  24183.39  68999.7  244513.5  10869
43  19  52799.74  0.092  0.361  1.03  3.65  66990000  6163.08  24183.39  68999.7  244513.5  12210
44  19  52799.74  0.092  0.361  1.03  3.65  66990000  6163.08  24183.39  68999.7  244513.5  13197
45  19  52799.74  0.092  0.361  1.03  3.65  66990000  6163.08  24183.39  68999.7  244513.5  13832
46  19  52799.74  0.092  0.361  1.03  3.65  66990000  6163.08  24183.39  68999.7  244513.5  14393
47  19  52799.74  0.092  0.361  1.03  3.65  66990000  6163.08  24183.39  68999.7  244513.5  14967
48  19  52799.74  0.092  0.361  1.03  3.65  66990000  6163.08  24183.39  68999.7  244513.5  15729
49  19  52799.74  0.092  0.361  1.03  3.65  66990000  6163.08  24183.39  68999.7  244513.5  17167
50  19  52799.74  0.092  0.361  1.03  3.65  66990000  6163.08  24183.39  68999.7  244513.5  17920
51  19  52799.74  0.092  0.361  1.03  3.65  66990000  6163.08  24183.39  68999.7  244513.5  18681
52  19  52799.74  0.092  0.361  1.03  3.65  66990000  6163.08  24183.39  68999.7  244513.5  19323
53  19  52799.74  0.092  0.361  1.03  3.65  66990000  6163.08  24183.39  68999.7  244513.5  19718
54  19  52799.74  0.092  0.361  1.03  3.65  66990000  6163.08  24183.39  68999.7  244513.5  20265
55  19  52799.74  0.092  0.361  1.03  3.65  66990000  6163.08  24183.39  68999.7  244513.5  20796
56  19  52799.74  0.092  0.361  1.03  3.65  66990000  6163.08  24183.39  68999.7  244513.5  21340
0  30  26403  0.002  0.006  0.05  0.422  3.28E+08  656.4  1969.2  16410  138500.4  0
1  30  26403  0.002  0.006  0.05  0.422  3.28E+08  656.4  1969.2  16410  138500.4  0
2  30  26403  0.002  0.006  0.05  0.422  3.28E+08  656.4  1969.2  16410  138500.4  0
3  30  26403  0.002  0.006  0.05  0.422  3.28E+08  656.4  1969.2  16410  138500.4  0
4  30  26403  0.002  0.006  0.05  0.422  3.28E+08  656.4  1969.2  16410  138500.4  0
5  30  26403  0.002  0.006  0.05  0.422  3.28E+08  656.4  1969.2  16410  138500.4  0
6  30  26403  0.002  0.006  0.05  0.422  3.28E+08  656.4  1969.2  16410  138500.4  0
7  30  26403  0.002  0.006  0.05  0.422  3.28E+08  656.4  1969.2  16410  138500.4  0
8  30  26403  0.002  0.006  0.05  0.422  3.28E+08  656.4  1969.2  16410  138500.4  0
9  30  26403  0.002  0.006  0.05  0.422  3.28E+08  656.4  1969.2  16410  138500.4  1
10  30  26403  0.002  0.006  0.05  0.422  3.28E+08  656.4  1969.2  16410  138500.4  2
11  30  26403  0.002  0.006  0.05  0.422  3.28E+08  656.4  1969.2  16410  138500.4  6
12  30  26403  0.002  0.006  0.05  0.422  3.28E+08  656.4  1969.2  16410  138500.4  9
13  30  26403  0.002  0.006  0.05  0.422  3.28E+08  656.4  1969.2  16410  138500.4  11
14  30  26403  0.002  0.006  0.05  0.422  3.28E+08  656.4  1969.2  16410  138500.4  12
15  30  26403  0.002  0.006  0.05  0.422  3.28E+08  656.4  1969.2  16410  138500.4  14
16  30  26403  0.002  0.006  0.05  0.422  3.28E+08  656.4  1969.2  16410  138500.4  17
17  30  26403  0.002  0.006  0.05  0.422  3.28E+08  656.4  1969.2  16410  138500.4  21
18  30  26403  0.002  0.006  0.05  0.422  3.28E+08  656.4  1969.2  16410  138500.4  26
19  30  26403  0.002  0.006  0.05  0.422  3.28E+08  656.4  1969.2  16410  138500.4  28
20  30  26403  0.002  0.006  0.05  0.422  3.28E+08  656.4  1969.2  16410  138500.4  30
21  30  26403  0.002  0.006  0.05  0.422  3.28E+08  656.4  1969.2  16410  138500.4  40
22  30  26403  0.002  0.006  0.05  0.422  3.28E+08  656.4  1969.2  16410  138500.4  47
23  30  26403  0.002  0.006  0.05  0.422  3.28E+08  656.4  1969.2  16410  138500.4  57
24  30  26403  0.002  0.006  0.05  0.422  3.28E+08  656.4  1969.2  16410  138500.4  69
25  30  26403  0.002  0.006  0.05  0.422  3.28E+08  656.4  1969.2  16410  138500.4  85
26  30  26403  0.002  0.006  0.05  0.422  3.28E+08  656.4  1969.2  16410  138500.4  108
27  30  26403  0.002  0.006  0.05  0.422  3.28E+08  656.4  1969.2  16410  138500.4  150
28  30  26403  0.002  0.006  0.05  0.422  3.28E+08  656.4  1969.2  16410  138500.4  150
29  30  26403  0.002  0.006  0.05  0.422  3.28E+08  656.4  1969.2  16410  138500.4  260
30  30  26403  0.002  0.006  0.05  0.422  3.28E+08  656.4  1969.2  16410  138500.4  340
31  30  26403  0.002  0.006  0.05  0.422  3.28E+08  656.4  1969.2  16410  138500.4  471
32  30  26403  0.002  0.006  0.05  0.422  3.28E+08  656.4  1969.2  16410  138500.4  590
33  30  26403  0.002  0.006  0.05  0.422  3.28E+08  656.4  1969.2  16410  138500.4  801
34  30  26403  0.002  0.006  0.05  0.422  3.28E+08  656.4  1969.2  16410  138500.4  1050
35  30  26403  0.002  0.006  0.05  0.422  3.28E+08  656.4  1969.2  16410  138500.4  1296
36  30  26403  0.002  0.006  0.05  0.422  3.28E+08  656.4  1969.2  16410  138500.4  1707
37  30  26403  0.002  0.006  0.05  0.422  3.28E+08  656.4  1969.2  16410  138500.4  2191
38  30  26403  0.002  0.006  0.05  0.422  3.28E+08  656.4  1969.2  16410  138500.4  2509
39  30  26403  0.002  0.006  0.05  0.422  3.28E+08  656.4  1969.2  16410  138500.4  3170
40  30  26403  0.002  0.006  0.05  0.422  3.28E+08  656.4  1969.2  16410  138500.4  4079
41  30  26403  0.002  0.006  0.05  0.422  3.28E+08  656.4  1969.2  16410  138500.4  5138
42  30  26403  0.002  0.006  0.05  0.422  3.28E+08  656.4  1969.2  16410  138500.4  6053
43  30  26403  0.002  0.006  0.05  0.422  3.28E+08  656.4  1969.2  16410  138500.4  7157
44  30  26403  0.002  0.006  0.05  0.422  3.28E+08  656.4  1969.2  16410  138500.4  8501
45  30  26403  0.002  0.006  0.05  0.422  3.28E+08  656.4  1969.2  16410  138500.4  9647
46  30  26403  0.002  0.006  0.05  0.422  3.28E+08  656.4  1969.2  16410  138500.4  10989
47  30  26403  0.002  0.006  0.05  0.422  3.28E+08  656.4  1969.2  16410  138500.4  12895
48  30  26403  0.002  0.006  0.05  0.422  3.28E+08  656.4  1969.2  16410  138500.4  14817
49  30  26403  0.002  0.006  0.05  0.422  3.28E+08  656.4  1969.2  16410  138500.4  16690
50  30  26403  0.002  0.006  0.05  0.422  3.28E+08  656.4  1969.2  16410  138500.4  18777
51  30  26403  0.002  0.006  0.05  0.422  3.28E+08  656.4  1969.2  16410  138500.4  20608
52  30  26403  0.002  0.006  0.05  0.422  3.28E+08  656.4  1969.2  16410  138500.4  22108
53  30  26403  0.002  0.006  0.05  0.422  3.28E+08  656.4  1969.2  16410  138500.4  23649
54  30  26403  0.002  0.006  0.05  0.422  3.28E+08  656.4  1969.2  16410  138500.4  26057
55  30  26403  0.002  0.006  0.05  0.422  3.28E+08  656.4  1969.2  16410  138500.4  30985
56  30  26403  0.002  0.006  0.05  0.422  3.28E+08  656.4  1969.2  16410  138500.4  33284
57  30  26403  0.002  0.006  0.05  0.422  3.28E+08  656.4  1969.2  16410  138500.4  37054
58  30  26403  0.002  0.006  0.05  0.422  3.28E+08  656.4  1969.2  16410  138500.4  38910
59  30  26403  0.002  0.006  0.05  0.422  3.28E+08  656.4  1969.2  16410  138500.4  40682
60  30  26403  0.002  0.006  0.05  0.422  3.28E+08  656.4  1969.2  16410  138500.4  42539
61  30  26403  0.002  0.006  0.05  0.422  3.28E+08  656.4  1969.2  16410  138500.4  45063
62  30  26403  0.002  0.006  0.05  0.422  3.28E+08  656.4  1969.2  16410  138500.4  46784
0  9  3133.9  2.232  4.918  9.758  13.755  4886000  10905.55  24029.35  47677.59  67206.93  0
1  9  3133.9  2.232  4.918  9.758  13.755  4886000  10905.55  24029.35  47677.59  67206.93  0
2  9  3133.9  2.232  4.918  9.758  13.755  4886000  10905.55  24029.35  47677.59  67206.93  0
3  9  3133.9  2.232  4.918  9.758  13.755  4886000  10905.55  24029.35  47677.59  67206.93  1
4  9  3133.9  2.232  4.918  9.758  13.755  4886000  10905.55  24029.35  47677.59  67206.93  1
5  9  3133.9  2.232  4.918  9.758  13.755  4886000  10905.55  24029.35  47677.59  67206.93  1
6  9  3133.9  2.232  4.918  9.758  13.755  4886000  10905.55  24029.35  47677.59  67206.93  1
7  9  3133.9  2.232  4.918  9.758  13.755  4886000  10905.55  24029.35  47677.59  67206.93  1
8  9  3133.9  2.232  4.918  9.758  13.755  4886000  10905.55  24029.35  47677.59  67206.93  1
9  9  3133.9  2.232  4.918  9.758  13.755  4886000  10905.55  24029.35  47677.59  67206.93  1
10  9  3133.9  2.232  4.918  9.758  13.755  4886000  10905.55  24029.35  47677.59  67206.93  1
11  9  3133.9  2.232  4.918  9.758  13.755  4886000  10905.55  24029.35  47677.59  67206.93  1
12  9  3133.9  2.232  4.918  9.758  13.755  4886000  10905.55  24029.35  47677.59  67206.93  1
13  9  3133.9  2.232  4.918  9.758  13.755  4886000  10905.55  24029.35  47677.59  67206.93  1
14  9  3133.9  2.232  4.918  9.758  13.755  4886000  10905.55  24029.35  47677.59  67206.93  1
15  9  3133.9  2.232  4.918  9.758  13.755  4886000  10905.55  24029.35  47677.59  67206.93  2
16  9  3133.9  2.232  4.918  9.758  13.755  4886000  10905.55  24029.35  47677.59  67206.93  4
17  9  3133.9  2.232  4.918  9.758  13.755  4886000  10905.55  24029.35  47677.59  67206.93  4
18  9  3133.9  2.232  4.918  9.758  13.755  4886000  10905.55  24029.35  47677.59  67206.93  5
19  9  3133.9  2.232  4.918  9.758  13.755  4886000  10905.55  24029.35  47677.59  67206.93  9
20  9  3133.9  2.232  4.918  9.758  13.755  4886000  10905.55  24029.35  47677.59  67206.93  9
21  9  3133.9  2.232  4.918  9.758  13.755  4886000  10905.55  24029.35  47677.59  67206.93  9
22  9  3133.9  2.232  4.918  9.758  13.755  4886000  10905.55  24029.35  47677.59  67206.93  11
23  9  3133.9  2.232  4.918  9.758  13.755  4886000  10905.55  24029.35  47677.59  67206.93  11
24  9  3133.9  2.232  4.918  9.758  13.755  4886000  10905.55  24029.35  47677.59  67206.93  12
25  9  3133.9  2.232  4.918  9.758  13.755  4886000  10905.55  24029.35  47677.59  67206.93  12
26  9  3133.9  2.232  4.918  9.758  13.755  4886000  10905.55  24029.35  47677.59  67206.93  13
27  9  3133.9  2.232  4.918  9.758  13.755  4886000  10905.55  24029.35  47677.59  67206.93  14
28  9  3133.9  2.232  4.918  9.758  13.755  4886000  10905.55  24029.35  47677.59  67206.93  16
0  50  13000  0.788  1.71  2.787  4.155  10230000  8061.24  17493.3  28511.01  42505.65  0
1  50  13000  0.788  1.71  2.787  4.155  10230000  8061.24  17493.3  28511.01  42505.65  0
2  50  13000  0.788  1.71  2.787  4.155  10230000  8061.24  17493.3  28511.01  42505.65  0
3  50  13000  0.788  1.71  2.787  4.155  10230000  8061.24  17493.3  28511.01  42505.65  0
4  50  13000  0.788  1.71  2.787  4.155  10230000  8061.24  17493.3  28511.01  42505.65  0
5  50  13000  0.788  1.71  2.787  4.155  10230000  8061.24  17493.3  28511.01  42505.65  0
6  50  13000  0.788  1.71  2.787  4.155  10230000  8061.24  17493.3  28511.01  42505.65  0
7  50  13000  0.788  1.71  2.787  4.155  10230000  8061.24  17493.3  28511.01  42505.65  0
8  50  13000  0.788  1.71  2.787  4.155  10230000  8061.24  17493.3  28511.01  42505.65  0
9  50  13000  0.788  1.71  2.787  4.155  10230000  8061.24  17493.3  28511.01  42505.65  1
10  50  13000  0.788  1.71  2.787  4.155  10230000  8061.24  17493.3  28511.01  42505.65  1
11  50  13000  0.788  1.71  2.787  4.155  10230000  8061.24  17493.3  28511.01  42505.65  1
12  50  13000  0.788  1.71  2.787  4.155  10230000  8061.24  17493.3  28511.01  42505.65  1
13  50  13000  0.788  1.71  2.787  4.155  10230000  8061.24  17493.3  28511.01  42505.65  3
14  50  13000  0.788  1.71  2.787  4.155  10230000  8061.24  17493.3  28511.01  42505.65  7
15  50  13000  0.788  1.71  2.787  4.155  10230000  8061.24  17493.3  28511.01  42505.65  8
16  50  13000  0.788  1.71  2.787  4.155  10230000  8061.24  17493.3  28511.01  42505.65  10
17  50  13000  0.788  1.71  2.787  4.155  10230000  8061.24  17493.3  28511.01  42505.65  10
18  50  13000  0.788  1.71  2.787  4.155  10230000  8061.24  17493.3  28511.01  42505.65  16
19  50  13000  0.788  1.71  2.787  4.155  10230000  8061.24  17493.3  28511.01  42505.65  20
20  50  13000  0.788  1.71  2.787  4.155  10230000  8061.24  17493.3  28511.01  42505.65  21
21  50  13000  0.788  1.71  2.787  4.155  10230000  8061.24  17493.3  28511.01  42505.65  25
22  50  13000  0.788  1.71  2.787  4.155  10230000  8061.24  17493.3  28511.01  42505.65  36
23  50  13000  0.788  1.71  2.787  4.155  10230000  8061.24  17493.3  28511.01  42505.65  42
24  50  13000  0.788  1.71  2.787  4.155  10230000  8061.24  17493.3  28511.01  42505.65  66
25  50  13000  0.788  1.71  2.787  4.155  10230000  8061.24  17493.3  28511.01  42505.65  92
26  50  13000  0.788  1.71  2.787  4.155  10230000  8061.24  17493.3  28511.01  42505.65  102
27  50  13000  0.788  1.71  2.787  4.155  10230000  8061.24  17493.3  28511.01  42505.65  110
28  50  13000  0.788  1.71  2.787  4.155  10230000  8061.24  17493.3  28511.01  42505.65  146
29  50  13000  0.788  1.71  2.787  4.155  10230000  8061.24  17493.3  28511.01  42505.65  180
30  50  13000  0.788  1.71  2.787  4.155  10230000  8061.24  17493.3  28511.01  42505.65  239
31  50  13000  0.788  1.71  2.787  4.155  10230000  8061.24  17493.3  28511.01  42505.65  282
32  50  13000  0.788  1.71  2.787  4.155  10230000  8061.24  17493.3  28511.01  42505.65  333
33  50  13000  0.788  1.71  2.787  4.155  10230000  8061.24  17493.3  28511.01  42505.65  373
34  50  13000  0.788  1.71  2.787  4.155  10230000  8061.24  17493.3  28511.01  42505.65  401
35  50  13000  0.788  1.71  2.787  4.155  10230000  8061.24  17493.3  28511.01  42505.65  477
36  50  13000  0.788  1.71  2.787  4.155  10230000  8061.24  17493.3  28511.01  42505.65  591
37  50  13000  0.788  1.71  2.787  4.155  10230000  8061.24  17493.3  28511.01  42505.65  687
38  50  13000  0.788  1.71  2.787  4.155  10230000  8061.24  17493.3  28511.01  42505.65  793
39  50  13000  0.788  1.71  2.787  4.155  10230000  8061.24  17493.3  28511.01  42505.65  870
40  50  13000  0.788  1.71  2.787  4.155  10230000  8061.24  17493.3  28511.01  42505.65  887
41  50  13000  0.788  1.71  2.787  4.155  10230000  8061.24  17493.3  28511.01  42505.65  899
42  50  13000  0.788  1.71  2.787  4.155  10230000  8061.24  17493.3  28511.01  42505.65  919
43  50  13000  0.788  1.71  2.787  4.155  10230000  8061.24  17493.3  28511.01  42505.65  1033
44  50  13000  0.788  1.71  2.787  4.155  10230000  8061.24  17493.3  28511.01  42505.65  1203
45  50  13000  0.788  1.71  2.787  4.155  10230000  8061.24  17493.3  28511.01  42505.65  1333
46  50  13000  0.788  1.71  2.787  4.155  10230000  8061.24  17493.3  28511.01  42505.65  1400
47  50  13000  0.788  1.71  2.787  4.155  10230000  8061.24  17493.3  28511.01  42505.65  1511
48  50  13000  0.788  1.71  2.787  4.155  10230000  8061.24  17493.3  28511.01  42505.65  1540
49  50  13000  0.788  1.71  2.787  4.155  10230000  8061.24  17493.3  28511.01  42505.65  1580
50  50  13000  0.788  1.71  2.787  4.155  10230000  8061.24  17493.3  28511.01  42505.65  1765
51  50  13000  0.788  1.71  2.787  4.155  10230000  8061.24  17493.3  28511.01  42505.65  1937
0  20  12000  1  2.173  4.865  9.155  83020000  83020  180402.5  403892.3  760048.1  0
1  20  12000  1  2.173  4.865  9.155  83020000  83020  180402.5  403892.3  760048.1  0
2  20  12000  1  2.173  4.865  9.155  83020000  83020  180402.5  403892.3  760048.1  0
3  20  12000  1  2.173  4.865  9.155  83020000  83020  180402.5  403892.3  760048.1  0
4  20  12000  1  2.173  4.865  9.155  83020000  83020  180402.5  403892.3  760048.1  0
5  20  12000  1  2.173  4.865  9.155  83020000  83020  180402.5  403892.3  760048.1  0
6  20  12000  1  2.173  4.865  9.155  83020000  83020  180402.5  403892.3  760048.1  0
7  20  12000  1  2.173  4.865  9.155  83020000  83020  180402.5  403892.3  760048.1  0
8  20  12000  1  2.173  4.865  9.155  83020000  83020  180402.5  403892.3  760048.1  0
9  20  12000  1  2.173  4.865  9.155  83020000  83020  180402.5  403892.3  760048.1  0
10  20  12000  1  2.173  4.865  9.155  83020000  83020  180402.5  403892.3  760048.1  0
11  20  12000  1  2.173  4.865  9.155  83020000  83020  180402.5  403892.3  760048.1  0
12  20  12000  1  2.173  4.865  9.155  83020000  83020  180402.5  403892.3  760048.1  0
13  20  12000  1  2.173  4.865  9.155  83020000  83020  180402.5  403892.3  760048.1  2
14  20  12000  1  2.173  4.865  9.155  83020000  83020  180402.5  403892.3  760048.1  2
15  20  12000  1  2.173  4.865  9.155  83020000  83020  180402.5  403892.3  760048.1  3
16  20  12000  1  2.173  4.865  9.155  83020000  83020  180402.5  403892.3  760048.1  5
17  20  12000  1  2.173  4.865  9.155  83020000  83020  180402.5  403892.3  760048.1  5
18  20  12000  1  2.173  4.865  9.155  83020000  83020  180402.5  403892.3  760048.1  8
19  20  12000  1  2.173  4.865  9.155  83020000  83020  180402.5  403892.3  760048.1  12
20  20  12000  1  2.173  4.865  9.155  83020000  83020  180402.5  403892.3  760048.1  13
21  20  12000  1  2.173  4.865  9.155  83020000  83020  180402.5  403892.3  760048.1  13
22  20  12000  1  2.173  4.865  9.155  83020000  83020  180402.5  403892.3  760048.1  13
23  20  12000  1  2.173  4.865  9.155  83020000  83020  180402.5  403892.3  760048.1  43
24  20  12000  1  2.173  4.865  9.155  83020000  83020  180402.5  403892.3  760048.1  45
25  20  12000  1  2.173  4.865  9.155  83020000  83020  180402.5  403892.3  760048.1  67
26  20  12000  1  2.173  4.865  9.155  83020000  83020  180402.5  403892.3  760048.1  94
27  20  12000  1  2.173  4.865  9.155  83020000  83020  180402.5  403892.3  760048.1  126
28  20  12000  1  2.173  4.865  9.155  83020000  83020  180402.5  403892.3  760048.1  149
29  20  12000  1  2.173  4.865  9.155  83020000  83020  180402.5  403892.3  760048.1  198
30  20  12000  1  2.173  4.865  9.155  83020000  83020  180402.5  403892.3  760048.1  253
31  20  12000  1  2.173  4.865  9.155  83020000  83020  180402.5  403892.3  760048.1  325
32  20  12000  1  2.173  4.865  9.155  83020000  83020  180402.5  403892.3  760048.1  389
33  20  12000  1  2.173  4.865  9.155  83020000  83020  180402.5  403892.3  760048.1  455
34  20  12000  1  2.173  4.865  9.155  83020000  83020  180402.5  403892.3  760048.1  583
35  20  12000  1  2.173  4.865  9.155  83020000  83020  180402.5  403892.3  760048.1  732
36  20  12000  1  2.173  4.865  9.155  83020000  83020  180402.5  403892.3  760048.1  872
37  20  12000  1  2.173  4.865  9.155  83020000  83020  180402.5  403892.3  760048.1  1017
38  20  12000  1  2.173  4.865  9.155  83020000  83020  180402.5  403892.3  760048.1  1158
39  20  12000  1  2.173  4.865  9.155  83020000  83020  180402.5  403892.3  760048.1  1342
40  20  12000  1  2.173  4.865  9.155  83020000  83020  180402.5  403892.3  760048.1  1434
41  20  12000  1  2.173  4.865  9.155  83020000  83020  180402.5  403892.3  760048.1  1607
42  20  12000  1  2.173  4.865  9.155  83020000  83020  180402.5  403892.3  760048.1  1861
43  20  12000  1  2.173  4.865  9.155  83020000  83020  180402.5  403892.3  760048.1  2107
44  20  12000  1  2.173  4.865  9.155  83020000  83020  180402.5  403892.3  760048.1  2373
45  20  12000  1  2.173  4.865  9.155  83020000  83020  180402.5  403892.3  760048.1  2544
46  20  12000  1  2.173  4.865  9.155  83020000  83020  180402.5  403892.3  760048.1  2673
47  20  12000  1  2.173  4.865  9.155  83020000  83020  180402.5  403892.3  760048.1  2799
48  20  12000  1  2.173  4.865  9.155  83020000  83020  180402.5  403892.3  760048.1  2969
49  20  12000  1  2.173  4.865  9.155  83020000  83020  180402.5  403892.3  760048.1  3254
50  20  12000  1  2.173  4.865  9.155  83020000  83020  180402.5  403892.3  760048.1  3569
51  20  12000  1  2.173  4.865  9.155  83020000  83020  180402.5  403892.3  760048.1  3868
52  20  12000  1  2.173  4.865  9.155  83020000  83020  180402.5  403892.3  760048.1  4110
53  20  12000  1  2.173  4.865  9.155  83020000  83020  180402.5  403892.3  760048.1  4294
54  20  12000  1  2.173  4.865  9.155  83020000  83020  180402.5  403892.3  760048.1  4404
55  20  12000  1  2.173  4.865  9.155  83020000  83020  180402.5  403892.3  760048.1  4598
56  20  12000  1  2.173  4.865  9.155  83020000  83020  180402.5  403892.3  760048.1  4879
57  20  12000  1  2.173  4.865  9.155  83020000  83020  180402.5  403892.3  760048.1  5094
0  13  11240  0.6  1.288  2.609  4.284  17280000  10368  22256.64  45083.52  74027.52  0
1  13  11240  0.6  1.288  2.609  4.284  17280000  10368  22256.64  45083.52  74027.52  0
2  13  11240  0.6  1.288  2.609  4.284  17280000  10368  22256.64  45083.52  74027.52  0
3  13  11240  0.6  1.288  2.609  4.284  17280000  10368  22256.64  45083.52  74027.52  0
4  13  11240  0.6  1.288  2.609  4.284  17280000  10368  22256.64  45083.52  74027.52  1
5  13  11240  0.6  1.288  2.609  4.284  17280000  10368  22256.64  45083.52  74027.52  1
6  13  11240  0.6  1.288  2.609  4.284  17280000  10368  22256.64  45083.52  74027.52  3
7  13  11240  0.6  1.288  2.609  4.284  17280000  10368  22256.64  45083.52  74027.52  3
8  13  11240  0.6  1.288  2.609  4.284  17280000  10368  22256.64  45083.52  74027.52  4
9  13  11240  0.6  1.288  2.609  4.284  17280000  10368  22256.64  45083.52  74027.52  5
10  13  11240  0.6  1.288  2.609  4.284  17280000  10368  22256.64  45083.52  74027.52  5
11  13  11240  0.6  1.288  2.609  4.284  17280000  10368  22256.64  45083.52  74027.52  5
12  13  11240  0.6  1.288  2.609  4.284  17280000  10368  22256.64  45083.52  74027.52  12
13  13  11240  0.6  1.288  2.609  4.284  17280000  10368  22256.64  45083.52  74027.52  20
14  13  11240  0.6  1.288  2.609  4.284  17280000  10368  22256.64  45083.52  74027.52  24
15  13  11240  0.6  1.288  2.609  4.284  17280000  10368  22256.64  45083.52  74027.52  43
16  13  11240  0.6  1.288  2.609  4.284  17280000  10368  22256.64  45083.52  74027.52  58
17  13  11240  0.6  1.288  2.609  4.284  17280000  10368  22256.64  45083.52  74027.52  76
18  13  11240  0.6  1.288  2.609  4.284  17280000  10368  22256.64  45083.52  74027.52  106
19  13  11240  0.6  1.288  2.609  4.284  17280000  10368  22256.64  45083.52  74027.52  136
20  13  11240  0.6  1.288  2.609  4.284  17280000  10368  22256.64  45083.52  74027.52  179
21  13  11240  0.6  1.288  2.609  4.284  17280000  10368  22256.64  45083.52  74027.52  213
22  13  11240  0.6  1.288  2.609  4.284  17280000  10368  22256.64  45083.52  74027.52  276
23  13  11240  0.6  1.288  2.609  4.284  17280000  10368  22256.64  45083.52  74027.52  356
24  13  11240  0.6  1.288  2.609  4.284  17280000  10368  22256.64  45083.52  74027.52  434
25  13  11240  0.6  1.288  2.609  4.284  17280000  10368  22256.64  45083.52  74027.52  546
26  13  11240  0.6  1.288  2.609  4.284  17280000  10368  22256.64  45083.52  74027.52  639
27  13  11240  0.6  1.288  2.609  4.284  17280000  10368  22256.64  45083.52  74027.52  771
28  13  11240  0.6  1.288  2.609  4.284  17280000  10368  22256.64  45083.52  74027.52  864
29  13  11240  0.6  1.288  2.609  4.284  17280000  10368  22256.64  45083.52  74027.52  1039
30  13  11240  0.6  1.288  2.609  4.284  17280000  10368  22256.64  45083.52  74027.52  1173
31  13  11240  0.6  1.288  2.609  4.284  17280000  10368  22256.64  45083.52  74027.52  1339
32  13  11240  0.6  1.288  2.609  4.284  17280000  10368  22256.64  45083.52  74027.52  1487
33  13  11240  0.6  1.288  2.609  4.284  17280000  10368  22256.64  45083.52  74027.52  1651
34  13  11240  0.6  1.288  2.609  4.284  17280000  10368  22256.64  45083.52  74027.52  1766
35  13  11240  0.6  1.288  2.609  4.284  17280000  10368  22256.64  45083.52  74027.52  1867
36  13  11240  0.6  1.288  2.609  4.284  17280000  10368  22256.64  45083.52  74027.52  2101
37  13  11240  0.6  1.288  2.609  4.284  17280000  10368  22256.64  45083.52  74027.52  2248
38  13  11240  0.6  1.288  2.609  4.284  17280000  10368  22256.64  45083.52  74027.52  2396
39  13  11240  0.6  1.288  2.609  4.284  17280000  10368  22256.64  45083.52  74027.52  2511
40  13  11240  0.6  1.288  2.609  4.284  17280000  10368  22256.64  45083.52  74027.52  2643
41  13  11240  0.6  1.288  2.609  4.284  17280000  10368  22256.64  45083.52  74027.52  2737
42  13  11240  0.6  1.288  2.609  4.284  17280000  10368  22256.64  45083.52  74027.52  2823
43  13  11240  0.6  1.288  2.609  4.284  17280000  10368  22256.64  45083.52  74027.52  2945
44  13  11240  0.6  1.288  2.609  4.284  17280000  10368  22256.64  45083.52  74027.52  3134
45  13  11240  0.6  1.288  2.609  4.284  17280000  10368  22256.64  45083.52  74027.52  3315
46  13  11240  0.6  1.288  2.609  4.284  17280000  10368  22256.64  45083.52  74027.52  3459
47  13  11240  0.6  1.288  2.609  4.284  17280000  10368  22256.64  45083.52  74027.52  3601
48  13  11240  0.6  1.288  2.609  4.284  17280000  10368  22256.64  45083.52  74027.52  3684
49  13  11240  0.6  1.288  2.609  4.284  17280000  10368  22256.64  45083.52  74027.52  3751
50  13  11240  0.6  1.288  2.609  4.284  17280000  10368  22256.64  45083.52  74027.52  3916
51  13  11240  0.6  1.288  2.609  4.284  17280000  10368  22256.64  45083.52  74027.52  4054
                        
